2 358 228 193 217
2 665 260 211 342
2 409 632 150 150
2 201 129 120 299
2 975 126 184 386
2 1009 705 120 150
2 1328 407 158 150
2 1258 388 321 269
2 1387 237 249 302
2 640 32 151 150
2 547 105 268 250
2 290 142 229 182
2 12 59 334 233
2 437 541 380 150
2 491 601 620 220
2 1369 784 122 150
2 1266 699 202 150
2 1244 654 120 150
2 1256 389 120 150
2 1307 252 120 150
2 1335 200 120 150
2 1406 157 120 150
2 1410 149 120 150
2 916 149 120 150
2 769 171 120 566
2 705 579 489 150
2 1542 720 120 150
2 1606 603 120 150
2 1587 459 120 150
2 1523 379 120 150
2 1240 321 120 150
2 971 378 120 150
2 831 501 120 169
2 1047 710 120 150
2 917 778 120 150
2 236 790 120 150
2 210 776 120 150
2 277 456 120 150
2 504 324 215 150
2 1097 287 401 150
2 1270 163 120 150
2 1276 159 120 150
2 1646 103 120 150
2 1756 103 120 150
2 1761 188 120 150
2 1768 259 120 150
2 1771 347 120 150
2 1681 444 120 150
2 1426 327 120 150
2 1335 253 120 150
2 1257 139 120 150
2 1253 134 120 150
2 1253 134 120 150
2 1347 142 120 150
2 1369 128 120 150
2 1379 79 120 150
2 1096 79 120 150
2 1078 104 120 150
2 1084 142 120 150
2 1159 281 120 150
2 1166 271 120 150
