199 138 120 0 2 0
199 188 120 0 2 0
199 88 120 50 14 0
199 138 120 50 15 0
199 188 120 50 16 0
319 155 440 248 4 0
631 88 200 0 2 0
631 165 200 0 2 0
631 38 200 50 14 0
631 88 200 77 15 0
631 165 200 77 16 0
631 153 -270 135 4 4
355 211
320 207
317 227
307 229
199 409 120 0 2 0
199 459 120 0 2 0
199 359 120 50 14 0
199 409 120 50 15 0
199 459 120 50 16 0
319 489 282 107 4 0
526 448 180 0 2 0
526 512 180 0 2 0
526 398 180 50 14 0
526 448 180 64 15 0
526 512 180 64 16 0
526 460 -142 4 4 0
879 194 120 0 2 0
879 244 120 0 2 0
879 144 120 50 14 0
879 194 120 50 15 0
879 244 120 50 16 0
988 294 10 257 4 0
998 549 120 0 2 0
998 599 120 0 2 0
998 499 120 50 14 0
998 549 120 50 15 0
998 599 120 50 16 0
1006 499 -65 -108 4 0
1334 389 120 0 2 0
1334 439 120 0 2 0
1334 339 120 50 14 0
1334 389 120 50 15 0
1334 439 120 50 16 0
1112 296 120 0 2 0
1112 371 120 0 2 0
1112 246 120 50 14 0
1112 296 120 75 15 0
1112 371 120 76 16 0
1270 197 120 0 2 0
1270 247 120 0 2 0
1270 147 120 50 14 0
1270 197 120 50 15 0
1270 247 120 50 16 0
781 365 120 0 2 0
781 415 120 0 2 0
781 315 120 50 14 0
781 365 120 50 15 0
781 415 120 50 16 0
840 465 44 65 4 0
818 580 120 0 2 0
818 630 120 0 2 0
818 530 120 50 14 0
818 580 120 50 15 0
818 630 120 50 16 0
852 530 -13 -59 4 0
