7 131 295 186 234 0
131 295 186 50 1
25 1

131 345 186 0 2
131 345 186 92 3
25 1
fdsafads
131 437 186 0 2
131 437 186 92 4
25 1

287 295 30 30 21
0..1
224 127
next
328 92
2
312 210

274 127

312 174
317 451 784 -267 9
1
672 75
fsdf
329 408
fdasfdsa
672 55
fsadf
1067 154
fasd
359 435
fsa
1057 193
6 1101 115 188 168 0
1101 115 188 50 1
25 1

1101 165 188 0 2
1101 165 188 59 3
25 1
fsdfd
1101 224 188 0 2
1101 224 188 59 4
25 1
fdsf
1257 98 36 34 6
25 1
T
5 580 455 252 181 0
580 455 252 50 1
25 1

580 505 252 0 2
580 505 252 65 3
25 1
fdsa
580 570 252 0 2
580 570 252 65 4
25 1

