6 1042 52 198 111 120 29 0
1042 52 198 51 175 29 1
25 1
ClassDiagramForm
1042 103 198 0 120 29 2
1042 103 198 31 120 29 3
25 1

1042 134 198 0 120 29 2
1042 134 198 29 120 29 4
25 1

1135 163 0 74 120 29 13
0

1155 193

1155 201

1155 207

1115 203

1115 197
6 1056 237 169 111 120 29 0
1056 237 169 51 140 29 1
25 1
MouseLButton
1056 288 169 0 120 29 2
1056 288 169 31 120 29 3
25 1

1056 319 169 0 120 29 2
1056 319 169 29 120 29 4
25 1

1135 348 0 70 120 29 14
0

1155 378

1155 384

1155 388

1115 388

1115 378
5 1042 418 196 129 120 29 0
1042 418 196 50 196 29 1
25 1
MouseLButtonAction
1042 468 196 0 120 29 2
1042 468 196 31 120 29 3
25 1

1042 499 196 0 120 29 2
1042 499 196 48 120 29 4
25 1

6 47 670 129 111 120 29 0
47 670 129 51 129 29 1
25 1
DrawingClass
47 721 129 0 120 29 2
47 721 129 31 120 29 3
25 1

47 752 129 0 120 29 2
47 752 129 29 120 29 4
25 1

126 670 916 -243 120 29 9
1
129 436

106 639

129 416

1011 407

146 630

1002 447
6 36 831 174 111 120 29 0
36 831 174 51 174 29 1
25 1
DrawingMemoBox
36 882 174 0 120 29 2
36 882 174 29 120 29 3
25 1

36 911 174 0 120 29 2
36 911 174 31 120 29 4
25 1

194 831 848 -302 120 29 9
1
197 541

174 800

197 521

1011 509

214 791

1002 549
6 677 834 194 111 120 29 0
677 834 194 51 194 29 1
25 1
DrawingAggregation
677 885 194 0 120 29 2
677 885 194 29 120 29 3
25 1

677 914 194 0 120 29 2
677 914 194 31 120 29 4
25 1

772 834 270 -300 120 29 9
1
771 542

751 804

771 522

1011 514

791 793

1002 555
6 209 667 137 111 120 29 0
209 667 137 51 137 29 1
25 1
MovingObject
209 718 137 0 120 29 2
209 718 137 29 120 29 3
25 1

209 747 137 0 120 29 2
209 747 137 31 120 29 4
25 1

263 667 779 -214 120 29 9
1
263 461

243 637

263 441

1011 433

283 627

1002 473
6 259 831 138 111 120 29 0
259 831 138 51 138 29 1
25 1
SelectionState
259 882 138 0 120 29 2
259 882 138 29 120 29 3
25 1

259 911 138 0 120 29 2
259 911 138 31 120 29 4
25 1

383 831 659 -297 120 29 9
1
380 547

362 801

380 527

1011 514

402 790

1002 554
6 554 667 202 111 120 29 0
554 667 202 51 202 29 1
25 1
DrawingAggregations
554 718 202 0 120 29 2
554 718 202 29 120 29 3
25 1

554 747 202 0 120 29 2
554 747 202 31 120 29 4
25 1

584 667 458 -178 120 29 9
1
585 488

564 636

585 468

1012 468

604 627

1001 508
6 392 666 123 111 120 29 0
392 666 123 51 123 29 1
25 1
DefaultState
392 717 123 0 120 29 2
392 717 123 29 120 29 3
25 1

392 746 123 0 120 29 2
392 746 123 31 120 29 4
25 1

439 666 603 -193 120 29 9
1
438 474

418 636

438 454

1011 453

458 625

1002 493
6 435 831 209 111 120 29 0
435 831 209 51 209 29 1
25 1
MultipleSelectionState
435 882 209 0 120 29 2
435 882 209 29 120 29 3
25 1

435 911 209 0 120 29 2
435 911 209 31 120 29 4
25 1

539 831 503 -326 120 29 9
1
537 503

518 801

537 483

1012 484

558 790

1001 524
6 790 667 185 111 120 29 0
790 667 185 51 185 29 1
25 1
DrawingAssociation
790 718 185 0 120 29 2
790 718 185 29 120 29 3
25 1

790 747 185 0 120 29 2
790 747 185 31 120 29 4
25 1

848 667 194 -156 120 29 9
1
847 513

827 637

847 493

1011 491

867 626

1002 531
6 1238 666 195 111 120 29 0
1238 666 195 51 195 29 1
25 1
DrawingComposition
1238 717 195 0 120 29 2
1238 717 195 29 16 29 3
25 1

1238 746 195 0 120 29 2
1238 746 195 31 120 29 4
25 1

1261 666 -162 -119 120 29 9
2
1259 645
1096 645

1238 638

1176 665

1078 576

1277 624

1117 587
6 1001 665 203 111 120 29 0
1001 665 203 51 203 29 1
25 1
DrawingCompositions
1001 716 203 0 120 29 2
1001 716 203 31 120 29 3
25 1

1001 747 203 0 120 29 2
1001 747 203 29 120 29 4
25 1

1057 665 1 -118 120 29 9
0

1037 634

1037 604

1037 576

1077 625

1077 587
6 1488 665 257 111 120 29 0
1488 665 257 51 257 29 1
25 1
DrawingDirectedAssociation
1488 716 257 0 120 29 2
1488 716 257 31 120 29 3
25 1

1488 747 257 0 120 29 2
1488 747 257 29 120 29 4
25 1

1488 666 -364 -119 120 29 9
2
1486 622
1121 621

1466 636

1301 640

1102 576

1506 625

1142 587
6 924 829 193 110 120 29 0
924 829 193 50 193 29 1
25 1
DrawingDependency
924 879 193 0 120 29 2
924 879 193 31 120 29 3
25 1

924 910 193 0 120 29 2
924 910 193 29 120 29 4
25 1

988 829 57 -282 120 29 9
2
987 614
986 545

967 799

965 578

1015 525

1007 788

1004 565
6 1368 827 211 111 120 29 0
1368 827 211 51 211 29 1
25 1
DrawingGeneralization
1368 878 211 0 120 29 2
1368 878 211 29 120 29 3
25 1

1368 907 211 0 120 29 2
1368 907 211 31 120 29 4
25 1

1468 827 -230 -315 120 29 9
1
1462 513

1447 797

1462 493

1267 532

1487 786

1278 492
6 1161 828 177 110 120 29 0
1161 828 177 50 177 29 1
25 1
DrawingMemoLine
1161 878 177 0 120 29 2
1161 878 177 31 120 29 3
25 1

1161 909 177 0 120 29 2
1161 909 177 29 120 29 4
25 1

1223 828 -3 -281 120 29 9
0

1202 798

1200 686

1200 577

1242 787

1240 586
6 1777 665 203 110 120 29 0
1777 665 203 50 203 29 1
25 1
DrawingRelationPoint
1777 715 203 0 120 29 2
1777 715 203 31 120 29 3
25 1

1777 746 203 0 120 29 2
1777 746 203 29 120 29 4
25 1

1777 665 -539 -232 120 29 9
1
1773 436

1756 635

1773 416

1267 453

1796 624

1278 413
6 1599 828 182 110 120 29 0
1599 828 182 50 182 29 1
25 1
DrawingRealization
1599 878 182 0 120 29 2
1599 878 182 31 16 29 3
25 1

1599 909 182 0 120 29 2
1599 909 182 29 120 29 4
25 1

1752 828 -514 -351 120 29 9
1
1745 479

1731 798

1745 459

1267 497

1771 787

1278 457
6 1812 827 152 110 120 29 0
1812 827 152 51 152 29 1
25 1
MovingRelation
1812 878 152 0 120 29 2
1812 878 152 30 120 29 3
25 1

1812 908 152 0 120 29 2
1812 908 152 29 120 29 4
25 1

1833 827 -595 -333 120 29 9
3
1830 786
1763 788
1761 494

1810 798

1763 768

1268 514

1850 785

1278 474
