5 207 48 203 111 0
207 48 203 51 1
25 1
          Visitor
207 99 203 0 2
207 99 203 31 3
25 1

207 130 203 0 2
207 130 203 28 4
25 1

6 13 202 211 111 0
13 202 211 51 1
25 1
     DrawingVisitor
13 253 211 0 2
13 253 211 31 3
25 1

13 284 211 0 2
13 284 211 29 4
25 1

172 202 48 -43 9
0

181 167

183 164

184 164

215 190

203 200
6 234 204 196 110 0
234 204 196 50 1
25 1
     WritingVisitor
234 254 196 0 2
234 254 196 31 3
25 1

234 285 196 0 2
234 285 196 29 4
25 1

313 204 14 -45 9
0

302 169

301 174

298 181

343 171

334 203
6 441 205 209 111 0
441 205 209 51 1
25 1
     MovingVisitor
441 256 209 0 2
441 256 209 31 3
25 1

441 287 209 0 2
441 287 209 29 4
25 1

532 205 -122 -48 9
0

496 212

462 199

430 186

502 171

454 153
5 720 29 234 110 0
720 29 234 50 1
25 1
         LastClassApp
720 79 234 0 2
720 79 234 31 3
25 1

720 110 234 0 2
720 110 234 29 4
25 1

5 715 200 232 110 0
715 200 232 50 1
25 1
    ClassDiagramForm
715 250 232 0 2
715 250 232 31 3
25 1

715 281 232 0 2
715 281 232 29 4
25 1

5 514 367 212 110 0
514 367 212 50 1
25 1
           Figure
514 417 212 0 2
514 417 212 31 3
25 1

514 448 212 0 2
514 448 212 29 4
25 1

5 10 576 141 110 0
10 576 141 50 1
25 1
  ClassName
10 626 141 0 2
10 626 141 31 3
25 1

10 657 141 0 2
10 657 141 29 4
25 1

5 167 579 141 110 0
167 579 141 50 1
25 1
   Attribute
167 629 141 0 2
167 629 141 31 3
25 1

167 660 141 0 2
167 660 141 29 4
25 1

5 332 578 141 110 0
332 578 141 50 1
25 1
   Method
332 628 141 0 2
332 628 141 31 3
25 1

332 659 141 0 2
332 659 141 29 4
25 1

5 491 579 141 110 0
491 579 141 50 1
25 1
   Reception
491 629 141 0 2
491 629 141 31 3
25 1

491 660 141 0 2
491 660 141 29 4
25 1

5 659 579 143 110 0
659 579 143 50 1
25 1
    Template
659 629 143 0 2
659 629 143 31 3
25 1

659 660 143 0 2
659 660 143 29 4
25 1

5 844 579 138 110 0
844 579 138 50 1
25 1
    Relation
844 629 138 0 2
844 629 138 31 3
25 1

844 660 138 0 2
844 660 138 29 4
25 1

3 1015 581 138 110 0
1015 581 138 50 1
25 1
       Line
1015 631 138 0 2
1015 631 138 60 3
25 1

