181 149 1086 0 2 0
181 339 1086 0 2 0
181 99 1086 50 14 0
181 149 1086 190 15 0
181 339 1086 191 16 0
1344 369 364 0 2 0
1344 601 364 0 2 0
1344 319 364 50 14 0
1344 369 364 232 15 0
1344 601 364 233 16 0
1537 592 120 0 2 0
1537 642 120 0 2 0
1537 542 120 50 14 0
1537 592 120 50 15 0
1537 642 120 50 16 0
402 575 745 0 2 0
402 730 745 0 2 0
402 525 745 50 14 0
402 575 745 155 15 0
402 730 745 155 16 0
389 648 120 0 2 0
389 698 120 0 2 0
389 598 120 50 14 0
389 648 120 50 15 0
389 698 120 50 16 0
1141 90 346 0 2 0
1141 304 346 0 2 0
1141 40 346 50 14 0
1141 90 346 214 15 0
1141 304 346 215 16 0
107 724 318 0 2 0
107 857 318 0 2 0
107 674 318 50 14 0
107 724 318 133 15 0
107 857 318 133 16 0
95 333 139 0 2 0
95 447 139 0 2 0
95 283 139 50 14 0
95 333 139 114 15 0
95 447 139 114 16 0
